[Camera]
orange_min = [247, 97, 185]
orange_max = [12, 228, 255]
blue_min = [127, 148, 190]
blue_max = [165, 247, 255]
yellow_min = [13, 145, 193]
yellow_max = [62, 255, 255]

[LiDAR]

[AngleSensor]
mx_offset = -23.08
my_offset = 17.134500000000003
gz_offset = 0.13944200000000043
mag_ini_deg = -110.5090677990976
angle_ini_deg = 103.23454986680002
angle_limited_deg = 0

